;;名称=类型，防，体，灵，速，命，攻，智，运（等级），标志，价格；描述。买入价，卖出随机打折，在3-8之间
;;类型，1=装备，2=食物药品，4=投掷攻击类，8=冶炼类，16=武器,32=炼药，64=特殊物品,128=技能书籍,256=消耗增强类
[GOODS]
1=布衣,1,2,0,0,0,0,0,0,0,302,2,普通的粗布衣服。
2=草帽,1,1,0,0,0,0,0,0,0,301,2,普通的草帽。
3=草鞋,1,0,0,0,1,0,0,0,0,304,2,普通的草鞋。
4=皮衣,1,5,2,0,0,0,0,0,0,302,100,兽皮制作，精美的皮衣
5=皮帽,1,3,0,0,0,0,0,1,0,301,20,上等皮帽。
6=皮靴,1,2,2,0,5,0,0,0,0,304,30,精品皮靴
7=绸帽,1,4,1,1,0,0,0,1,0,201,30,女式，丝绸制造的帽子，轻盈，美观
8=绸衣,1,9,2,1,1,1,0,0,0,202,150,女式，蚕丝制作的绸衣
9=绸披风,1,7,3,3,1,0,0,0,5,203,100,女式，5级
10=锦衣,1,10,5,5,2,3,0,0,4,102,200,男式，4级
11=铁帽,1,4,0,0,0,0,0,0,3,101,35,男式，3级
12=普通铠甲,1,12,6,0,0,0,0,0,3,102,220,男式，3级
13=铁靴,1,0,0,0,5,1,1,0,3,104,50,男式，3级
14=貂皮帽,1,8,3,3,1,0,0,0,4,301,60,男女通用，4级
15=追风靴,1,5,5,1,10,1,5,0,5,304,100,男女通用，5级
16=软緭甲,1,20,8,3,5,3,5,1,5,202,900,女式，5级
17=丝彩裙,1,25,8,3,6,3,6,1,6,202,1500,女式，6级
18=凤舞帽,1,9,8,3,2,3,5,1,6,201,300,女式，6级
19=绣花靴,1,3,8,1,10,3,5,1,6,204,300,女式，6级
20=金丝披风,1,9,8,3,2,3,3,1,6,203,500,女式，6级
21=精钢帽,1,14,8,3,2,3,5,1,6,301,400,男女通用，6级
22=精钢铠甲,1,35,8,3,6,3,6,6,1,102,2500,男式，6级
23=快靴,1,3,8,1,15,3,5,1,6,104,500,男式，6级
24=燕尾披风,1,15,8,3,2,3,3,6,1,103,800,男式，6级
25=蝶舞衣,1,36,8,3,6,3,6,1,10,202,2500,女式，10级
26=花边帽,1,15,8,3,2,3,5,1,10,201,700,女式，10级
27=花边披风,1,16,8,3,2,3,3,10,1,203,500,女式，10级
28=花边快靴,1,9,8,1,20,3,5,10,1,204,900,女式，10级
;;20级
29=镶金华冠,1,19,5,3,2,0,0,0,20,101,1200,男式，20级
30=镶金铠甲,1,45,8,3,7,3,6,1,20,102,4500,男式，20级
31=宝靴,1,6,8,1,25,3,5,1,20,104,1500,男式，20级
32=黑魔披风,1,22,8,3,5,3,3,20,1,103,1800,男式，20级
33=绣花帽,1,22,8,3,2,3,5,1,20,201,1700,女式，20级
34=时尚披风,1,21,8,3,2,3,3,20,1,203,1500,女式，20级
35=皮草衣,1,49,8,3,6,3,6,1,20,202,5500,女式，20级
36=流行短靴,1,15,8,1,28,3,5,20,1,204,900,女式，20级
37=紫金冠,1,25,5,3,2,0,0,0,30,101,2200,男式，30级
38=紫金铠甲,1,55,8,3,8,3,6,1,30,102,6500,男式，30级
39=紫金靴,1,8,8,1,32,3,5,1,30,104,3500,男式，30级
40=太白披风,1,28,8,3,7,3,5,30,1,303,3800,男式，30级
41=绢丝帽,1,28,8,3,2,3,5,1,30,201,3700,女式，30级
42=绢丝披风,1,29,8,3,2,3,3,30,1,203,3500,女式，30级
43=绢丝裙,1,60,8,3,9,3,7,1,30,202,8500,女式，30级
44=鹿皮靴,1,18,8,1,38,3,5,1,30,204,2900,女式，30级
;;60级
45=黑金冠,1,32,5,3,2,0,0,0,50,101,5200,男式，50级
46=金丝软甲,1,68,8,3,8,3,6,40,1,302,9500,男女，40级
47=神行靴,1,19,8,1,41,3,5,1,50,104,5500,男式，50级
48=封神披风,1,35,8,3,9,3,5,1,50,103,6800,男式，50级
49=凤羽帽,1,38,8,3,2,3,5,1,50,201,5700,女式，50级
50=羽翼披风,1,38,8,3,7,3,3,1,50,203,6500,女式，50级
51=凤凰裙,1,80,8,3,20,3,7,1,50,202,18500,女式，50级
52=鳄鱼皮靴,1,26,8,1,50,3,9,50,1,204,5900,女式，50级
;;极品级
53=冲天冠,1,59,5,3,2,0,0,0,60,101,25200,男式，60级
54=无影甲,1,98,8,3,8,3,6,1,60,102,29500,男式，60级
55=无影靴,1,32,8,1,80,3,5,1,60,104,25500,男式60级
56=无影披风,1,65,8,3,19,3,15,1,60,103,26800,男式，60级
57=天蚕帽,1,60,8,3,5,3,10,1,60,201,25700,女式，60级
58=天蚕披风,1,66,8,3,9,3,9,1,60,203,26500,女式，60级
59=天蚕裙,1,120,8,3,28,9,9,1,60,202,58500,女式，60级
60=金丝软靴,1,38,8,1,88,3,9,1,60,204,25900,女式，60级
61=镶银华冠,1,17,4,3,2,0,0,0,10,101,1000,男式，10级
62=镶银铠甲,1,40,6,3,7,3,6,1,10,102,3500,男式，10级
63=星光靴,1,4,8,1,20,3,5,1,10,104,1000,男式，10级
64=鬼怪披风,1,19,6,3,4,3,3,10,1,103,1200,男式，10级
65=华彩冠,1,42,5,3,2,0,0,0,60,101,15200,男式，55级
66=炫金甲,1,78,6,3,8,3,6,50,2,102,19500,男式，55级
67=雁羽靴,1,26,8,1,60,3,5,30,30,104,15500,男式，55级
68=华彩披风,1,45,8,3,12,3,10,32,30,103,16800,男式，55级
69=鹤翎帽,1,48,8,3,4,2,8,1,52,201,15700,女式，55级
70=鹤羽披风,1,48,8,3,8,3,5,20,30,203,16500,女式，60级
71=炫彩裙,1,100,8,3,22,9,8,22,30,202,38500,女式，55级
95=小金猪,64,0,0,0,0,0,0,0,0,13,999,黄金做的小猪，极富收藏价值。现在金价看涨，增值潜力巨大。
99=铁护腕,1,3,0,0,0,0,0,0,0,305,50,护腕
100=钢护腕,1,6,0,0,0,0,0,0,0,305,150,护腕
101=玉护腕,1,9,0,0,0,0,0,0,0,305,250,护腕
102=鳄皮护腕,1,12,0,0,0,0,0,0,0,305,350,护腕
103=银丝护腕,1,15,0,0,0,0,0,0,0,305,450,护腕
104=粗银丝护腕,1,18,0,0,0,0,0,0,0,305,550,护腕
105=金丝护腕,1,21,0,0,0,0,0,0,0,305,650,护腕
106=粗金丝护腕,1,24,0,0,0,0,0,0,0,305,750,护腕
115=珍珠项链,1,3,0,8,2,0,0,0,0,307,50,项链
116=珊瑚项链,1,4,0,9,3,0,0,0,0,307,250,项链
117=铜项链,1,5,0,10,0,0,0,0,0,307,350,项链
118=钢项链,1,6,0,11,0,0,0,0,0,307,550,项链
119=玉项链,1,7,0,12,0,0,0,0,0,307,750,项链
120=水晶项链,1,8,0,13,0,0,0,0,0,307,950,项链
121=玉佛项链,1,9,0,14,0,0,0,0,0,307,1050,项链
122=银项链,1,10,0,15,0,0,0,0,0,307,1550,项链
123=粗银项链,1,11,0,16,0,0,0,0,0,307,1850,项链
124=金项链,1,12,0,17,0,0,0,0,0,307,2050,项链
125=粗金项链,1,13,0,18,0,0,0,0,0,307,2550,项链
126=魔力宝石,9,14,0,50,0,0,0,2,5,307,3000,魔力宝石
135=幸运符,9,0,0,3,0,0,0,2,10,309,50,幸运符
136=道士符,1,1,0,3,0,0,0,2,12,309,150,无
137=驱魔符,1,2,0,3,0,0,0,2,10,309,250,无
138=皮腰带,1,3,0,3,0,0,0,2,10,309,350,无
139=真丝腰带,1,4,0,3,0,0,0,2,10,309,450,无
140=钢链腰带,1,5,0,3,0,0,0,2,10,309,550,无
141=玉腰带,1,6,0,3,0,0,0,2,10,309,650,无
142=粗钢腰带,1,7,0,3,0,0,0,2,10,309,750,无
143=银丝腰带,1,8,0,3,0,0,0,2,10,309,850,无
144=加厚银丝腰带,1,9,0,3,0,0,0,2,10,309,950,无
145=金丝腰带,1,10,0,3,0,0,0,2,10,309,1050,无
146=软金丝腰带,1,11,0,3,0,0,0,2,10,309,2050,无
147=超软金丝腰带,1,12,0,3,0,0,0,2,10,309,3050,无
148=魔力腰带,9,20,0,50,0,0,0,2,20,309,4050,魔力
149=霸王腰带,1,15,0,3,10,100,0,2,10,309,1000,无
155=黄铜戒指,9,2,0,2,0,5,2,2,5,306,20,黄铜戒指
156=玉戒指,9,3,0,2,5,5,0,2,5,206,120,玉戒指，女
157=银戒指,9,4,0,2,3,5,0,2,5,306,220,戒指
158=白金戒指,9,5,0,2,0,5,0,3,6,306,300,白金戒指
159=黄金戒指,9,6,0,2,0,5,0,2,5,306,420,戒指
160=宝石戒指,9,7,0,2,0,5,0,2,5,306,520,戒指
161=钻石戒指,9,8,0,2,0,5,0,2,5,306,620,戒指
162=魔力戒指,9,30,5,90,8,20,18,9,6,306,500,魔力戒指
169=木剑,16,0,0,0,0,0,5,0,0,308,2,木剑
170=青铜剑,16,0,0,0,0,0,15,0,0,308,100,青铜剑
171=铁剑,16,0,0,0,0,0,25,0,0,308,300,铁剑
172=精钢剑,16,0,0,0,0,0,35,0,0,308,500,精钢剑
173=碧血剑,16,0,0,0,0,0,45,0,7,308,800,需7级以上佩戴
174=蛇形剑,16,5,5,0,5,0,55,0,10,308,1600,需10级以上佩戴
175=青干剑,16,5,5,0,5,0,65,0,15,308,3200,需15级以上佩戴
176=七星剑,16,8,8,3,9,2,85,0,17,308,6400,需17级以上佩戴
177=龙泉剑,16,18,8,3,9,2,130,0,19,308,12000,需19级以上佩戴
178=修罗剑,16,24,8,3,15,2,185,0,23,308,50000,需23级以上佩戴
179=游龙剑,16,30,0,0,15,0,305,0,28,308,100000,需28级以上佩戴
180=倚天剑,24,120,10,9,50,2,620,0,35,308,800000,需35级以上佩戴
181=轩辕剑,24,200,10,9,90,2,1000,0,40,308,2000000,需40级以上佩戴
182=天剑,24,240,10,9,90,2,2000,0,45,308,5000000,十分厉害，需45级以上佩戴
183=魔剑,16,0,10,9,90,-50,3200,0,45,308,3500000,邪门的利刃，需45级以上佩戴
189=铁胚弓,16,0,0,0,0,0,20,0,0,308,100,铁胚弓
190=长弓,16,0,0,0,0,0,35,0,0,308,500,长弓
191=连击弩,16,0,0,0,0,0,55,0,20,308,1000,需20级以上佩戴
192=弯月魔弓,24,3,0,9,0,0,65,0,30,308,10000,需30级以上佩戴
193=无影神弓,24,15,0,15,0,0,80,0,60,308,50000,需60级以上佩戴
194=月牙钩,16,10,5,50,64,0,1500,0,30,208,300000,女式，需30级以上佩戴
200=青铜戟,16,0,0,0,0,0,25,0,0,108,100,男式
201=精钢戟,16,0,0,0,0,0,35,0,0,108,500,男式
202=战神戟,16,8,5,5,5,0,60,0,20,108,10000,男式，需20级以上佩戴
203=软皮鞭,16,0,0,0,0,0,30,0,0,208,50,女式
204=钢鞭,16,0,0,0,0,0,35,0,0,208,500,女式
205=龙筋鞭,16,10,5,5,0,0,60,0,30,208,3000,女式，需30级以上佩戴
206=青铜刀,16,0,0,0,0,0,25,0,0,108,100,男式
207=精钢刀,16,0,0,0,0,0,35,0,10,108,500,男式，需10级以上佩戴
208=日本刀,16,-10,-10,0,0,-50,80,-5,20,308,10000,男女通用，需20级以上佩戴
209=苗刀,16,0,0,0,0,0,45,0,20,208,6000,女式，需20级以上佩戴
210=柳叶刀,16,0,0,0,0,0,260,0,35,308,10000,需35级以上佩戴
211=修罗刀,24,9,0,9,0,0,300,2,40,108,50000,男式，需40级以上佩戴
212=火龙刀,24,150,10,9,50,2,1200,0,35,108,2000000,男式，需35级以上佩戴
213=青龙堰月刀,24,50,10,9,-5,2,320,0,25,108,10000,男式，需25级以上佩戴
;;药品恢复类
218=一年生草药,2,0,5,0,0,100,0,0,0,0,10,一年生草药,一种常见的草药，可以回复少量体力和生命值
219=忘忧草,2,0,5,50,0,150,0,0,0,0,10,忘忧草
220=百年灵芝,2,0,200,350,0,400,0,0,0,0,30,百年灵芝
221=百年人参,2,0,100,0,0,900,0,0,0,0,30,百年人参
;;还魂丹，8个9，起死回生，命，体，灵，恢复一半
222=还魂丹,2,0,99999999,99999999,0,99999999,0,0,0,0,1000,还魂丹，起死回生，命，体，灵，恢复一半
223=冰蚕,2,0,0,300,0,0,0,0,0,0,50,冰蚕
224=首乌精,2,0,0,500,0,0,0,0,0,0,200,首乌精
225=三年生草药,2,0,15,0,0,300,0,0,0,0,20,三年生草药
226=千年灵芝,2,0,400,4200,0,1000,0,0,0,0,1000,千年灵芝
227=千年人参,2,0,300,500,0,3500,0,0,0,0,1000,千年人参
228=冰蚕精,2,0,0,2000,0,0,0,0,0,0,500,冰蚕精
229=虫草精,2,0,0,2200,0,0,0,0,0,0,600,虫草精
230=首乌王,34,0,0,4800,0,1400,0,0,0,0,1200,首乌王
231=五年生草药,2,0,150,0,0,500,0,0,0,0,180,五年生草药
232=十年生草药,2,0,150,0,0,800,0,0,0,0,200,十年生草药
233=古藤精,2,0,0,8000,0,0,0,0,0,0,4000,古藤精
234=虫草王,34,0,0,9000,0,2500,0,0,0,0,4500,虫草王
235=雪莲,2,0,0,9999999,0,2500,0,0,0,0,5000,雪莲
;;九阳丹，9个9，起死回生，命，体，灵，全满，不起死回生，7个9，全满，6个9，半满
247=九阳丹,34,0,999999999,999999999,0,999999999,0,0,0,0,20000,九阳丹起死回生，命，体，灵，全满
248=冰蚕王,34,0,0,9999999,0,0,0,0,0,0,10000,冰蚕王
249=万年灵芝,34,0,9999999,500,0,9999999,0,0,1,0,20000,万年灵芝
250=万年人参,34,0,9999999,9999999,0,9999999,0,5,0,0,20000,万年人参
257=干粮,2,0,100,0,0,0,0,0,0,0,10,干粮
258=蜂蜜,34,0,150,0,0,0,0,0,0,0,20,蜂蜜
259=地瓜干,2,0,50,0,0,0,0,0,0,0,5,地瓜干
260=蕃薯糕,2,0,200,0,0,0,0,0,0,0,30,蕃薯糕
261=葡萄干,2,0,400,0,0,0,0,0,0,0,100,葡萄干
262=猕猴桃汁,2,0,600,0,0,0,0,0,0,0,120,猕猴桃汁
263=红酒,2,0,1000,0,0,0,0,0,0,0,200,红酒
264=蜂王浆,34,0,1200,0,0,100,0,0,0,0,300,蜂王浆
265=马兰头,2,0,200,0,0,0,0,0,0,0,20,一种草药
;;特殊物品，时间加速，显示单词解释不延迟。"价格"为负的表示不能出售
277=时间加速丸,64,0,0,0,0,0,0,0,0,2,100,立即显示单词解释，关闭3秒延迟20次
278=回城卷,64,0,0,0,0,0,0,0,0,3,100,回城卷，立即离开野外回到最近的城镇。
279=太湖珍珠发簪,64,0,0,0,0,0,0,0,0,4,600,小礼品，可以送给MM
280=词库通行证,64,0,0,0,0,0,0,0,0,5,1000,有此物才可随意切换练习用的词库，以及删除不需再背的单词。
281=存储卡,64,0,0,0,0,0,0,0,0,6,2000,可在迷宫内随时存盘，容量不大，一块卡只能存一次。高科技产品，在古代价格奇高。
282=香烛,64,0,0,0,0,0,0,0,0,7,200,进庙里拜神用。
283=水晶小熊摆件,64,0,0,0,0,0,0,0,0,8,120,小礼品，浙江浦江产的水晶摆件，做工精细，可以送给MM。
284=极品缅甸玉胸针,64,0,0,0,0,0,0,0,0,12,1000,小礼品，可以送给MM
285=地宫钥匙,64,0,0,0,0,0,0,0,0,9,-1,地宫钥匙，打开地宫密室的钥匙
286=镇妖神镜,64,0,0,0,0,0,0,0,0,10,-1,镇妖神镜，拥有超乎想像的巨大能量并可控制暗黑世界的圣物。
287=玫瑰花,64,0,0,0,0,0,0,0,0,6,11,小礼品，美眉喜欢的东西。
288=金猪,64,0,0,0,0,0,0,0,0,13,999,黄金做的小猪，极富收藏价值。现在金价看涨，增值潜力巨大。集齐12生效，可去临安换大奖励哦
289=伯牙古琴,64,0,0,0,0,0,0,0,0,14,-1,稀世珍品，名琴赠知音哦。
290=藏宝图碎片1,64,0,0,0,0,0,0,0,0,15,-1,一张藏宝图的其中一个碎块。
291=藏宝图碎片2,64,0,0,0,0,0,0,0,0,16,-1,一张藏宝图的其中一个碎块。
292=藏宝图碎片3,64,0,0,0,0,0,0,0,0,17,-1,一张藏宝图的其中一个碎块。
293=藏宝图碎片4,64,0,0,0,0,0,0,0,0,18,-1,一张藏宝图的其中一个碎块。
294=藏宝图碎片5,64,0,0,0,0,0,0,0,0,19,-1,一张藏宝图的其中一个碎块。
295=藏宝图碎片6,64,0,0,0,0,0,0,0,0,20,-1,一张藏宝图的其中一个碎块。
296=藏宝图碎片7,64,0,0,0,0,0,0,0,0,21,-1,一张藏宝图的其中一个碎块。
297=小号钥匙,64,0,0,0,0,0,0,0,0,22,5,开小宝箱用的钥匙
298=中号钥匙,64,0,0,0,0,0,0,0,0,22,10,开宝箱用的钥匙
299=大号钥匙,64,0,0,0,0,0,0,0,0,22,20,开大宝箱用的钥匙
300=翠红院贵宾金卡,64,0,0,0,0,0,0,0,0,23,1,以后去翠红院消费可获特优价
301=金佛,64,0,0,0,0,0,0,0,0,24,20000,五代十国时期所造的珍贵鎏金佛像
302=佛珠,64,0,0,0,0,0,0,0,0,25,100,被小妖从佛塔内盗走的佛珠
303=泡妞秘籍,64,0,0,0,0,0,0,0,0,26,0,从神秘高手处得到。
304=玉钗,64,0,0,0,0,0,0,0,0,27,100,一只用过的发钗。
305=东海龙涎草,64,0,0,0,0,0,0,0,0,28,1000,解妖毒的特效药。
306=和氏璧,64,0,0,0,0,0,0,0,0,29,-1,战国时期的宝物
307=佛舍利,64,0,0,0,0,0,0,0,0,30,0,特殊物品，佛门珍品，得道高僧火化后的产物，驱邪
308=龙井茶,64,0,0,0,0,0,0,0,0,31,300,上等御用龙井
309=虎跑泉水,64,0,0,0,0,0,0,0,0,32,0,优质矿泉水
310=皇宫令牌,64,0,0,0,0,0,0,0,0,33,0,进入皇宫所用
311=皇宫衣物,64,0,0,0,0,0,0,0,0,34,600,在皇宫内行走用
312=秦府密室钥匙,64,0,0,0,0,0,0,0,0,35,0,在
313=金元宝,64,0,0,0,0,0,0,0,0,36,1200,金元宝，足金的。
314=石室钥匙,64,0,0,0,0,0,0,0,0,37,0,开启凤凰山内石头密室的钥匙。
315=十字绣,64,0,0,0,0,0,0,0,0,38,100,绣花用，适合心灵手巧的女孩。
316=上半封密信,64,0,0,0,0,0,0,0,0,39,0,皇宫内发现的议和密信
317=下半封密信,64,0,0,0,0,0,0,0,0,40,0,皇宫内发现的议和密信
318=腰牌碎块,64,0,0,0,0,0,0,0,0,41,0,隐约见上面写着一个“申”字
319=桂皮,64,0,0,0,0,0,0,0,0,42,5,炖汤用
320=鲫鱼,64,0,0,0,0,0,0,0,0,43,12,秀洲河里抓的
321=石斑鱼,64,0,0,0,0,0,0,0,0,44,10,河西镇边上的小河里抓的。
322=弯刀令牌,64,0,0,0,0,0,0,0,0,45,0,弯刀帮的令牌
323=双钩令牌,64,0,0,0,0,0,0,0,0,46,0,双钩帮的令牌
324=海蟹,64,0,0,0,0,0,0,0,0,47,20,东海牡蛎岛上捉到的螃蟹
325=神教钥匙,64,0,0,0,0,0,0,0,0,48,0,打开星月神教密室的钥匙
326=王子令牌,64,0,0,0,0,0,0,0,0,49,0,通往大理王宫的令牌
327=纯金鼠,64,0,0,0,0,0,0,0,0,50,888,黄金做的老鼠，极富收藏价值。现在金价看涨，增值潜力巨大。
328=红豆,64,0,0,0,0,0,0,0,0,51,10,南国红豆，又名相思豆。
329=丝绸手绢,64,0,0,0,0,0,0,0,0,52,0,写有血书的丝绸手绢，前朝王妃所留。
330=五色土,64,0,0,0,0,0,0,0,0,53,100,一种特殊的泥土，含有有一定能量。
331=易筋经,64,0,0,0,0,0,0,0,0,54,0,少林绝学，使用一次可临时增加灵2千，命1千，体5百。花费金钱1万 。
332=开封皇宫令牌,64,0,0,0,0,0,0,0,0,55,0,进入开封皇宫的通行证
333=金都皇宫令牌,64,0,0,0,0,0,0,0,0,56,0,在金都皇宫通行的令牌
334=混沌之晶,64,0,0,0,0,0,0,0,0,57,0,天地初开时留下的圣物，与神镜相辅相成。
335=混沌之晶毛胚,64,0,0,0,0,0,0,0,0,58,0,未激活的混沌之晶，能量不能释放。
336=五色石,64,0,0,0,0,0,0,0,0,59,0,天山上神奇石料，可助于神镜归位镇妖。
337=武穆遗书,64,0,0,0,0,0,0,0,0,60,0,岳飞留下的手稿，标记有很多的军事地图和攻防要塞。
338=定时炸弹,64,0,0,0,0,0,0,0,0,61,0,幻境内发现的特殊物品。
;;攻击消耗类，标志属性用来做标记，表示中毒以及持续时间，1表示中毒有效时间10秒，
;;2,20秒，每10秒一降，涉及速智运攻等的恢复，要删除其定时器内的项
;;0表示按实际数值加减，1表示10秒，2，20秒。;每10秒作用一次
;;涉及速,运，智，防，攻等固定数值的东西，都是一次作用，且时间到后后恢复原先的数值。
;;涉及体，灵，命等数值的，都是持续减低，作用时间结束后不可恢复。
;;类型4的表示投掷攻击，类型256的表示恢复
339=软骨粉,4,0,0,0,20,0,150,0,0,10,10,软骨粉，使敌人在100秒内攻击力下降
340=迟钝剂,4,0,0,0,999999,0,0,0,0,5,30,迟钝剂，速度减半，50秒内
341=僵化剂,4,0,0,0,9999999,0,0,0,0,2,60,僵化剂，20秒内速度为零
342=五毒丸,4,0,100,0,50,100,20,5,50,10,50,五毒丸，使中毒，100秒
343=五毒散,256,0,500,500,0,500,0,0,0,0,60,五毒散，解各种毒，增加命体灵
344=大力丸,256,0,0,0,0,0,200,0,0,18,30,大力丸，180秒内增加攻击力200
345=仙露饮,256,0,200,0,0,200,0,0,0,15,300,仙露饮，150秒内持续增加生命力和体力
346=铁蒺藜,4,0,0,0,0,100,0,0,0,0,50,一种常见暗器，伤害值50
347=飞蚊针,4,5,5,50,0,150,5,0,0,0,130,细如牛毛的暗器，命-150，灵-50，攻-5，防-5
348=燕子镖,4,0,0,50,0,200,0,0,0,0,260,一种厉害的飞镖，命-200，灵-50
349=飞虎镖,4,0,0,0,0,350,0,0,0,0,300,极品飞镖，伤害值350
350=降龙镖,4,0,100,200,0,600,0,0,0,0,500,极品飞镖，命-600，灵-200，体-100
351=降魔镖,4,0,0,0,0,1000,0,0,0,0,800,极品飞镖，伤害值1000
352=降神镖,4,0,0,0,0,2000,0,0,0,0,1200,极品飞镖，伤害值2000
353=迷踪蛊,4,0,0,0,0,0,0,0,0,0,800,可在战斗中迅速逃跑
354=鬼见愁,4,0,0,2000,0,5000,0,0,0,0,2200,很厉害的暗器，命-5000，灵-2000
355=吸灵蛊,4,0,0,1000,0,50,0,0,0,0,900,很厉害的暗器，命-50，灵-1000
356=九毒丸,4,50,150,0,60,200,50,10,60,18,500,九毒丸，使中毒，180秒
357=琼浆饮,256,0,150,0,0,300,100,0,0,18,1000,琼浆饮，180秒内持续增加生命力和体力附带攻击加100
358=玉液饮,256,0,100,0,0,400,100,0,0,10,1000,玉液饮，100秒内持续增加生命力和体力附带攻击加100
;;冶炼
370=陨铁矿,8,0,0,0,0,0,0,0,0,0,100000,陨铁矿
371=上古神石,8,0,0,0,0,0,0,0,0,0,500000,上古神石，人间十分罕见，冶炼上等兵器用
372=赤铁矿,8,0,0,0,0,0,0,0,0,0,50,赤铁矿
373=上等木炭,8,0,0,0,0,0,0,0,0,0,1,上等木炭
374=石灰石,8,0,0,0,0,0,0,0,0,0,2,可铸剑用
375=红宝石,8,0,0,0,0,0,0,0,0,0,6000,上等鸽血红宝石，十分珍贵。
376=蓝宝石,8,0,0,0,0,0,0,0,0,0,4000,蓝宝石，冶炼用，也可卖钱
377=水晶,8,0,0,0,0,0,0,0,0,0,1000,水晶
378=绿翡翠,8,0,0,0,0,0,0,0,0,0,2000,绿翡翠
379=玛瑙石,8,0,0,0,0,0,0,0,0,0,800,玛瑙石
380=和田黑玉,8,0,0,0,0,0,0,0,0,0,3000,和田黑玉
381=金块,8,0,0,0,0,0,0,0,0,0,5000,高纯度的天然金块，可卖钱，也可用于铸剑
382=银块,8,0,0,0,0,0,0,0,0,0,900,自然存在的白银，成色不错。
383=铜块,8,0,0,0,0,0,0,0,0,0,100,有色金属，可出售或用于铸剑
384=锡块,8,0,0,0,0,0,0,0,0,0,50,常见的一种金属原料。
385=黑钨矿,8,0,0,0,0,0,0,0,0,0,2500,黑钨矿
386=锆石,8,0,0,0,0,0,0,0,0,0,2000,锆石
387=尖晶石,8,0,0,0,0,0,0,0,0,0,300,尖晶石
388=孔雀石,8,0,0,0,0,0,0,0,0,0,300,孔雀石
389=电气石,8,0,0,0,0,0,0,0,0,0,300,电气石
390=黄玉,8,0,0,0,0,0,0,0,0,0,3000,黄玉
391=硝石,8,0,0,0,0,0,0,0,0,0,50,可铸剑用
392=龙精甲,8,0,0,0,0,0,0,0,0,0,12000,合成装备用
393=天蚕丝,8,0,0,0,0,0,0,0,0,0,9999,合成装备用
394=茯苓根,8,0,0,0,0,0,0,0,0,0,9,合成药材用
395=牛黄,8,0,0,0,0,0,0,0,0,0,299,合成药材用
396=太岁,8,0,0,0,0,0,0,0,0,0,9999,合成药材用
397=鹿茸,8,0,0,0,0,0,0,0,0,0,999,合成药材用
398=何首乌,8,0,0,0,0,0,0,0,0,0,100,合成药材用
399=冬虫夏草,8,0,0,0,0,0,0,0,0,0,999,合成药材用
;;书籍，灵速命都为零的，最后一位为3的，表示技能,单/全位为3，表示特殊技能，这里是偷窃术
415=妙手道,128,3,0,100,0,10,0,3,1,1,1,妙手空空，一种可从敌人处偷取物品或金钱的技术，为某知名神偷所创
416=武器制造,128,3,0,0,0,0,0,0,0,12,3,武器制造，只有学会此技能后才能铸造出上等好剑，需12级以上，男女
417=装备制造,128,3,0,0,0,0,0,0,0,10,3,装备制造技术，需10级以上，男女
418=药王神录,128,0,0,0,0,0,0,0,0,5,3,记录炼药工艺流程的书籍，需5级以上，女
419=暗器制造,128,1,0,0,0,0,0,0,0,10,3,制造投掷类暗器。需10级以上，男
;;术法类书籍，"标志"表示需要的等级，"运"为1表示单体恢复或攻击，为0，表示全体。
;;防为3表示男女可学，1，男可学，0女可学，价格值为0表示恢复术，价格值为1表示攻击术，攻击术都消耗灵力
;;法术的“智”字段改为 防，攻击类法术表示能减少对方的防
432=恢复术,128,3,0,20,0,150,0,0,1,1,0,初级法术，消耗20灵力，恢复150点生命，需1级以上
433=回春术,128,3,0,50,0,500,0,0,1,9,0,回春术，消耗灵力50点。单体恢复500点生命，需9级以上
434=吐纳术,128,3,200,30,0,0,0,0,1,3,0,吐纳术，一种普通仙术，消耗灵力30点，单体恢复体力200点，需3级以上
435=五气朝阳,128,3,0,400,0,999999,0,0,1,20,0,五气朝阳，恢复单体生命一半，消耗灵力400点。需20级以上
436=云上于天,128,3,0,800,0,9999999,0,0,1,35,0,云上于天，单体恢复生命值，全满，消耗灵力800点，需35级以上
437=天玄地黄术,128,3,0,1000,0,999999,0,0,0,40,0,天玄地黄，恢复术，可全体回复生命一半，消耗灵力1000点，需40级以上
438=坤厚载物术,128,3,0,1200,0,9999999,0,0,0,50,0,坤厚载物术，全体生命补满，消耗灵力2400点，需50级以上
439=九转还魂术,128,3,0,800,0,99999999,0,0,1,25,0,九转还魂，起死回生并命值恢复一半，消耗灵力800点，需25级以上
440=飞蝗术,128,3,0,40,0,120,0,0,1,3,1,单体攻击，消耗灵力40，造成伤害120，需3级以上
441=百剑幻影,128,3,0,200,0,200,0,0,0,22,1,全体攻击，消耗灵力200，造成伤害200，需22级以上
442=凌波斩,128,1,0,100,0,350,0,0,1,15,1,单体攻击，消耗灵力100，造成伤害350，需15级以上，男
443=天女散花,128,0,0,300,0,300,0,0,0,18,1,全体攻击，消耗灵力300，造成伤害300，需18级以上，女
444=千剑飘雨,128,3,0,300,0,450,0,0,1,29,1,单体攻击，消耗灵力300，造成伤害450，需29级以上
445=玉女剑,128,0,0,300,0,500,0,0,1,30,1,单体攻击，消耗灵力300，造成伤害500，需30级以上，女
446=万剑飞雪,128,3,0,600,0,400,0,0,0,40,1,全体攻击，消耗灵力600，造成伤害400，需40级以上
447=人剑合一,128,3,0,400,0,700,0,0,1,45,1,单体攻击，消耗灵力400，造成伤害700，需45级以上
448=天外飞仙,128,3,0,700,0,900,0,0,1,50,1,单体攻击，消耗灵力700，造成伤害900，需50级以上
449=风卷残云,128,3,0,900,0,600,0,0,0,55,1,全体攻击，消耗灵力900，造成伤害600，需55级以上
450=天下雷行,128,3,0,1500,0,1000,0,0,0,62,1,全体攻击，消耗灵力1500，伤害1000。需62级以上
451=幽冥幻剑,128,0,3,20,2,100,1,1,1,2,1,单体攻击，耗灵力20，对敌命-100，体-3，速-2，攻-1，防-1。需2级以上，女
452=降妖咒,128,3,0,60,0,150,0,0,1,7,1,单体攻击，消耗灵力60，造成伤害150，需7级以上
453=一阳指,128,1,0,350,0,550,0,0,1,31,1,单体攻击，消耗灵力350，造成伤害550，需31级以上，男
454=六脉神剑,128,3,0,400,0,600,0,0,1,36,1,单体攻击，消耗灵力400，造成伤害600，需36级以上
455=达摩神掌,128,3,0,1000,0,1800,0,0,1,66,1,单体攻击，消耗灵力1000，伤害1800。需66级以上
456=大悲咒,128,3,0,2000,0,1600,0,0,0,68,1,全体攻击，消耗灵力2000，伤害1600。需68级以上
457=啸海神功,128,3,0,800,0,500,0,0,0,55,1,全体攻击，消耗灵力800，造成伤害500，需55级以上
458=越女剑,128,0,0,100,0,300,0,0,1,20,1,单体攻击，消耗灵力100，造成伤害300，需20级以上，女
;;怪物的法术
476=千魔爪,128,5,0,2500,0,1000,0,0,1,35,1,千魔爪，很厉害的一种怪物的招式
477=黑山噬月,128,5,0,900,0,280,0,0,0,35,1,黑山派的独门妖术
478=熊奔虎啸,128,5,0,1800,0,600,0,0,1,35,1,熊奔虎啸
479=狮王争霸,128,5,0,600,0,100,0,0,0,35,1,僵尸王的独门法术
480=妖法无边,128,5,0,800,0,220,0,0,0,35,1,妖怪的法术
;;继续添加
502=罗钿紫檀五弦琵琶,64,0,0,0,0,0,0,0,0,62,200000,唐朝时通过丝绸贸易带来日本的名贵乐器
503=琉璃杯,64,0,0,0,0,0,0,0,0,63,100000,唐朝时期传入日本的物品。
504=圣杯,64,0,0,0,0,0,0,0,0,64,-1,在伊贺谷发现的宝贝，其能量可敌千军万马。
505=忍者钥匙,64,0,0,0,0,0,0,0,0,65,-1,可打开伊贺谷机关的钥匙。
506=平安京令牌,64,0,0,0,0,0,0,0,0,66,-1,进入平安京的通行证。
507=飞行地图,64,0,0,0,0,0,0,0,0,67,-1,可以开启飞行功能
508=胆南星,64,0,0,0,0,0,0,0,0,68,100,一味中药
509=天麻,64,0,0,0,0,0,0,0,0,69,100,一味中药
510=全蝎,64,0,0,0,0,0,0,0,0,70,100,一味中药
511=封神珏,64,0,0,0,0,0,0,0,0,71,0,修补并加强十二神将封印
512=木制如来像,64,0,0,0,0,0,0,0,0,72,-1,上等红木雕刻的特制佛像
513=玉制如来像,64,0,0,0,0,0,0,0,0,73,-1,夜光玉刻佛像
514=兔毛,64,0,0,0,0,0,0,0,0,74,30,野兔的毛，可出售
515=蛇胆,64,0,0,0,0,0,0,0,0,75,20,打蛇获得，可出售
516=山鸡羽,64,0,0,0,0,0,0,0,0,76,30,可出售
517=金牛,64,0,0,0,0,0,0,0,0,77,-1,黄金做的生肖牛，集齐12生肖，可去临安换大奖励哦
518=金鼠,64,0,0,0,0,0,0,0,0,78,999,黄金做的生肖鼠，集齐12生肖，可去临安换大奖励哦
519=金龙,64,0,0,0,0,0,0,0,0,79,999,黄金做的生肖龙，集齐12生肖，可去临安换大奖励哦
520=金虎,64,0,0,0,0,0,0,0,0,80,999,黄金做的生肖虎，集齐12生肖，可去临安换大奖励哦
521=金兔,64,0,0,0,0,0,0,0,0,81,999,黄金做的生肖兔，集齐12生肖，可去临安换大奖励哦
522=金蛇,64,0,0,0,0,0,0,0,0,82,999,黄金做的生肖蛇，集齐12生肖，可去临安换大奖励哦
523=金马,64,0,0,0,0,0,0,0,0,83,999,黄金做的生肖马，集齐12生肖，可去临安换大奖励哦
524=金羊,64,0,0,0,0,0,0,0,0,84,999,黄金做的生肖羊，集齐12生肖，可去临安换大奖励哦
525=金猴,64,0,0,0,0,0,0,0,0,85,999,黄金做的生肖猴，集齐12生肖，可去临安换大奖励哦
526=金鸡,64,0,0,0,0,0,0,0,0,86,999,黄金做的生肖鸡，集齐12生肖，可去临安换大奖励哦
527=金狗,64,0,0,0,0,0,0,0,0,87,999,黄金做的生肖狗，集齐12生肖，可去临安换大奖励哦
528=八爪金龙,64,0,0,0,0,0,0,0,0,88,-1,大宋镇国神器
529=智能芯片,64,0,0,0,0,0,0,0,0,89,0,幻境内发现的特殊物品。
;;game_password=8A7D7BA288CA0F0EA1ECF975B026E8E1
;;Code=74406CA1CF1F000D7D62C7E82D4FE164


