;;怪物列表，名称，攻击，防护值，血值，所会魔法，经验值，掉落物品，掉落金钱，掉落物品数，掉落物概率，速度
46=蒙面人,90,35,2000,0,600,225,100,2,1,60,11,蒙面人
30=独角兽,80,45,1500,0,600,221,50,1,1,80,34,独角兽
31=独角兽王,110,65,3000,0,900,221,50,2,1,100,35,独角兽王
19=野猪精,20,0,200,0,80,218,5,1,1,34,13,野猪
20=邋遢狗,21,0,220,0,95,219,5,1,1,36,16,邋遢狗
34=蛇精,90,45,1800,0,650,220,60,1,1,88,40,蛇精
35=蛇王,100,56,2200,0,800,220,120,2,1,120,41,蛇王
23=林中小怪,50,20,1600,0,300,0,35,1,1,60,38,林中小怪
39=三足毒虫,90,45,1800,0,650,225,60,2,1,85,42,三足兽
40=黑山小妖,120,55,2200,0,310,221,50,1,2,90,52,黑山小妖
49=土匪,110,35,2500,0,580,225,100,2,1,78,36,土匪
61=小怪,25,20,200,0,100,218,5,1,1,40,15,小怪物
62=矿洞小妖,25,20,200,0,100,218,5,1,1,42,18,小妖怪
68=小河怪,25,25,220,0,120,218,15,1,1,50,17,从河里爬上来的小妖怪
76=佛塔小妖,100,50,1500,0,300,302,50,1,2,90,22,来历不
13=东瀛浪人,70,30,1500,0,200,0,300,1,1,88,55,东瀛浪人
14=东瀛忍者,60,120,1800,-5,500,0,100,1,1,150,54,东瀛忍者
21=冰怪,100,0,1900,0,500,228,50,1,3,120,49,寒冰洞内的怪物
24=黄蜂怪,100,0,2300,0,500,231,50,2,1,120,49,黄蜂怪
25=宋兵,75,0,1500,0,220,0,55,1,1,99,44,宋朝士兵
26=小偷,55,60,500,-5,120,0,200,1,1,88,33,小偷会逃跑
27=林中怪王,75,40,3200,0,800,232,120,2,1,80,39,鹰王
28=大野猪,30,0,500,0,220,218,45,4,1,50,14,大野猪
29=蒙面头目,150,35,3000,0,900,225,100,2,1,70,12,厉害的蒙面人
33=黑峰怪,120,0,2500,0,800,231,60,1,1,130,49,飞来峰的怪物
36=水怪,120,0,2400,0,700,231,100,1,1,130,49,钱塘江底下的水怪
50=土匪王,200,60,15000,0,2000,172,800,1,1,90,37,土匪王
51=土匪,130,200,6000,0,1200,220,300,1,1,200,37,石门关土匪
52=石头人,70,45,900,0,200,225,30,1,1,50,50,石头人
58=(21,23)
59=(25,24,24)
60=(19,20,19)
1=罗汉拳张,150,100,2000,0,20,0,10,0,0,45,24,罗汉拳张
2=李和刚,200,100,3000,0,20,0,10,0,0,40,25,李和刚
3=湾二宝,280,20,3500,0,20,0,20,0,0,20,26,湾二
4=白胡老头,100,200,3000,0,20,0,20,0,0,60,27,鄹怡健
5=小霸王,700,600,8000,0,100,0,200,0,0,60,59,小霸王
6=打手甲,390,100,1500,0,25,0,5,0,0,20,59,打手甲
7=打手乙,390,100,1500,0,25,0,5,0,0,20,59,打手乙
8=打手丙,390,100,1500,0,25,0,5,0,0,20,59,打手丙
9=打手丁,390,100,1500,0,25,0,5,0,0,20,59,打手丁
10=白袍小将,800,500,2900,0,300,0,100,0,0,55,59,白袍小将
11=黑大胡子,800,100,4000,0,100,0,50,0,0,50,59,黑大胡子
12=鹤发老者,900,100,6000,0,200,0,50,0,0,58,59,鹤发老者
63=矿洞怪王,150,60,600,0,300,171,100,1,1,40,19,大怪物
64=(61,62)
65=官兵甲,15,10,200,0,15,0,5,1,1,40,44,打手甲
66=官兵乙,15,10,200,0,15,0,5,1,1,40,44,打手甲
67=(65,66)
69=李灌,70,80,800,0,300,0,0,1,1,35,29,东河村民
70=李慎,40,100,900,0,400,0,0,1,1,40,30,东河村民
71=刘頧,65,120,400,0,490,0,0,1,1,40,31,附件村民
72=李邳,120,110,1200,0,500,0,0,1,1,18,32,东河村民
73=僵尸,80,35,600,0,200,225,30,1,1,50,20,不太厉害的僵尸
74=僵尸王,150,50,5200,479,1200,379,500,1,1,60,21,非常厉害的僵尸王
75=北方商人,140,65,3200,0,800,0,1500,1,1,90,28,来历不明的商人
77=佛塔妖王,120,50,8000,480,5000,247,1000,1,1,110,23,佛塔内的妖王
41=黑山老妖,140,60,20000,477,7000,396,200,1,2,175,53,黑山老妖
78=慕容丽雯,145,35,2000,0,300,0,888,1,1,48,7,蒙面人
79=食人鱼,38,25,350,-4,80,218,10,1,1,25,43,小
80=地痞,25,15,200,-4,80,218,20,1,1,25,45,小
22=白衣男,100,0,6000,0,600,287,100,2,1,150,25,山庄偷情客
81=铁庄主,1000,300,25000,0,6000,0,0,1,1,200,47,无剑山庄主
82=武师,60,110,2200,0,200,0,0,1,1,80,24,无剑山庄
83=木头人,80,50,1200,0,70,225,30,1,1,45,48,无剑山庄
32=云霸天,400,80,20000,441,5000,0,200,1,1,185,26,天外天庄主
15=酒,90,60,2200,0,900,220,100,2,1,120,56,天外天山庄
16=色,90,60,2200,0,900,220,100,2,1,120,56,天外天山庄
17=财,90,60,2200,0,900,220,100,2,1,120,56,天外天山庄
18=气,90,60,2200,0,900,220,100,2,1,120,56,天外天山庄
84=桃源小妖,38,0,220,0,40,219,10,1,1,18,49,小怪物
85=树妖,100,45,1500,0,280,220,50,1,2,75,51,树妖
86=(15,16,17,18)
87=波斯怪,150,50,18000,480,5000,126,100,1,3,220,49,尘封于瓦罐内的怪物
88=秦国刺客,90,45,3500,0,280,220,50,1,2,80,59,刺客
89=飞车党,70,45,2800,0,280,159,500,1,2,60,59,刺客
90=抜の屶齋,80,45,3000,0,280,220,50,1,2,80,57,天兵天将
91=烈火轻云,100,45,3000,0,280,220,50,1,2,80,57,天兵天将
92=Sam.J.Zheng,120,45,3000,0,280,220,50,1,2,80,57,天兵天将
93=╰☆起點灬ゞ,70,45,3000,0,280,220,50,1,2,80,57,天兵天将
94=绿幽灵,100,0,2300,0,500,231,50,2,1,140,49,颐云洞内的
95=秦府高手,140,0,3300,0,800,231,50,2,1,140,59,秦府
96=大内高手,300,0,9900,0,1200,231,50,2,1,280,59,秦府
97=黑水龙,190,100,28000,480,8000,148,100,1,1,300,49,黑龙
98=张堡主,150,120,25000,441,6000,392,1000,1,2,300,59,珊瑚岛上的
99=苗府高手,90,150,-18,0,2000,0,800,1,2,240,59,苗
100=临安混混,100,0,2000,0,600,231,250,1,1,140,59,小混混
101=刺客,100,130,-50,479,9000,352,500,2,1,320,49,临安刺客
102=鲤鱼精,140,0,3300,0,800,231,50,2,1,180,43,秀洲鲤鱼精
103=弯刀帮主,160,0,19000,0,4800,231,500,2,1,320,59,秀洲鲤鱼精
104=双钩帮主,160,0,19000,0,4800,231,500,2,1,320,59,秀洲鲤鱼精
105=(103,104)
106=(34,34,35,34)
37=白熊怪,200,0,9000,0,2800,232,100,2,1,320,49,白熊怪
38=白熊王,400,0,12000,0,4800,233,100,1,1,360,49,白熊王
42=骷髅战士,2400,0,12000,0,1240,0,500,8,1,65,0,骷髅战士
43=虎怪,100,0,5000,0,700,220,200,3,1,200,49,虎怪
44=古剑精,200,200,5000,0,2000,220,200,3,1,260,49,精灵
45=山贼,100,0,6000,0,1100,220,280,2,1,180,59,山贼
47=山贼头目,110,0,10000,0,2400,220,380,4,1,220,59,山贼头目
48=山贼王,280,0,32000,443,8800,248,500,2,1,300,49,山贼王
107=(45,45,47,47,45)
108=(48,47,47,45,45)
109=苗大人,-4,190,-50,0,18000,0,300,1,2,120,59,苗
110=蟹精,-2,60,-15,479,900,324,100,2,2,120,49,苗
111=孔秀,-1,60,-5,0,900,0,100,1,1,100,59,ren
112=孟坦,-1,60,-5,0,900,0,100,1,1,110,59,ren
113=韩福,-2,60,-6,0,900,0,100,1,1,120,59,ren
114=卞喜,-2,60,-6,0,900,0,100,1,1,120,59,ren
115=王植,-2,60,-7,0,900,0,100,1,1,120,59,ren
116=刘延,-3,60,-7,0,900,0,100,1,1,120,59,ren
117=星月门徒,100,0,6000,0,1100,220,280,2,1,180,59,山贼
118=星月头目,210,0,10000,0,2400,220,380,4,1,220,59,山贼头目
119=星月护法,330,0,15000,0,3600,220,420,4,1,220,59,山贼头目
120=星月教主,420,0,42000,480,9800,247,1000,3,1,360,49,山贼王
121=雪人怪,110,0,10000,0,1900,220,300,4,1,240,49,山贼头目
122=雪豹,90,0,3000,0,900,219,300,4,1,140,49,山贼头目
123=怨灵,230,0,15000,479,2800,247,0,2,1,240,49,南绍镇上的
124=飞龙帮主,930,0,35000,477,7000,247,0,2,1,440,59,南
125=飞龙弟子,210,0,8000,0,1900,220,300,4,1,240,59,山
126=少林弟子,280,0,9000,0,1900,220,300,4,1,200,59,山
127=飞龙副帮主,330,0,25000,441,2600,233,0,1,1,400,59,山
128=飞龙少帮主,300,80,6000,0,90,232,0,1,1,80,63,山
129=宋军中尉,300,180,9000,0,1350,0,120,1,1,240,59,山
130=十八罗汉阵,350,180,18000,0,3600,0,0,1,1,360,59,山
131=三十六棍僧,350,180,22000,0,4400,0,0,1,1,360,59,山
132=少林方丈,450,280,38000,478,6500,0,0,1,1,460,59,山
133=扫地僧,520,320,48000,0,9500,0,0,1,1,500,59,山
134=塔妖,190,0,2800,0,900,219,300,4,1,170,49,山
135=洞怪,190,0,3000,0,900,219,300,4,1,170,49,山
136=金兵,75,0,1500,0,220,0,55,1,1,99,44,宋朝士兵
137=千户长,300,180,9000,0,1350,0,120,1,1,240,59,山
138=金国高手,300,0,9900,0,1200,231,50,2,1,280,59,秦府
139=金兀术,400,0,29900,0,20000,231,1000,2,1,480,59,秦府
53=亡灵士兵,300,0,12900,0,3200,232,50,2,1,260,49,亡灵士兵
54=亡灵将军,700,0,22900,0,9200,228,50,2,1,300,49,亡灵将军
55=地宫守卫,280,0,12900,0,3200,232,50,2,1,260,49,地宫守卫
56=守卫长,600,0,22900,0,9200,228,50,2,1,320,49,守卫长
57=暗黑使者,800,0,32900,0,19200,227,50,6,1,520,49,暗黑使者
140=域外飞魔,720,480,-700,449,18000,375,0,3,1,400,49,暗黑使者
141=(138,139,138,138)
142=武当弟子,280,0,9000,0,1900,220,300,4,1,200,59,山
150=张真人,500,600,45000,449,16000,0,0,1,1,300,59,武当山
143=秦桧,330,0,35000,477,99000,0,0,1,1,420,59,南
144=峨嵋掌门,700,600,35000,0,12000,0,0,1,1,380,59,南
145=昆仑掌门,300,300,25000,0,12000,0,0,1,1,280,59,南
146=天山掌门,600,500,39000,0,12000,0,0,1,1,300,59,南
147=东方林,280,80,16000,441,5000,0,200,1,1,285,59,东方镖局
148=东瀛小怪,280,0,9000,0,1900,220,300,4,1,200,49,东
149=伊贺小怪,280,0,9000,0,1900,220,100,3,1,220,49,东
151=白骨精,200,0,9000,0,1900,220,300,4,1,160,49,东
152=域外飞魔,720,480,-700,449,15000,235,0,2,1,400,49,暗黑使者
153=花花行者,140,80,11000,441,2000,0,2000,1,1,200,59,暗黑使者
154=青行灯,280,0,10000,355,2000,220,200,3,1,220,49,暗黑使者
155=百鬼王,360,0,30000,0,3000,220,200,3,1,320,49,暗黑使者
156=天山冰怪,220,0,9800,0,2900,232,150,2,1,320,49,冰怪
157=赛天蓬,200,300,20000,0,10000,0,0,1,1,230,59,天蓬山庄庄主
158=山庄武士,220,0,6800,0,1900,232,150,2,1,320,59,天蓬山庄
159=木人,270,0,7800,0,1800,0,100,2,1,340,49,天蓬山庄
160=海龙家丁,99,35,2200,0,600,220,100,2,1,60,11,海龙世家
161=海龙堂主,300,0,30000,457,9000,220,200,3,1,320,59,海龙
162=青堂主,420,0,6800,0,1900,232,150,2,1,120,59,海龙
163=黄堂主,320,0,6800,0,1900,232,150,2,1,220,59,海龙
164=黑堂主,120,0,6800,0,1900,232,150,2,1,320,59,海龙
165=紫堂主,200,0,6800,0,1900,232,150,2,1,300,59,海龙
166=海龙堂主,300,0,30000,0,9000,220,200,3,1,320,59,海龙
167=海怪,220,0,7800,0,1800,263,100,2,1,340,49,海龙
168=野兔,25,0,220,-5,400,514,0,1,1,40,59,野兔
169=菜花蛇,30,0,220,-6,400,515,0,1,1,40,59,菜花蛇
170=山鸡,28,0,220,-4,400,516,0,1,1,40,59,山鸡
171=东北虎精,280,0,10000,355,2000,220,200,3,1,220,49,暗
172=胡匪甲,220,0,18000,0,2000,220,200,3,1,220,59,暗
173=胡匪乙,290,0,20000,0,2000,220,200,3,1,220,59,暗
174=(172,173)
175=云小姐,200,100,10000,443,30000,120,200,1,1,185,59,天外天云小姐
176=木头人,90,50,2000,0,220,225,30,1,1,55,48,东方镖局
177=机器人,120,145,3000,0,480,172,50,1,2,90,59,幻境机器人
178=顽固忍者,90,180,2800,0,600,0,200,1,1,120,54,顽固的东瀛忍者，不会逃跑

;;新的怪，继续添加，从150号以后编号

;;game_password=8A7D7BA288CA0F0EA1ECF975B026E8E1
